(kicad_pcb (version 20171130) (host pcbnew 5.0.2+dfsg1-1~bpo9+1)

  (general
    (thickness 1.6)
    (drawings 74)
    (tracks 576)
    (zones 0)
    (modules 41)
    (nets 53)
  )

  (page A)
  (title_block
    (title "Pardo M0 ATSAMD21G18")
    (date 2020-05-14)
    (rev 0.1)
    (company Conectaequipo.com)
  )

  (layers
    (0 F.Cu signal)
    (31 B.Cu signal)
    (32 B.Adhes user)
    (33 F.Adhes user)
    (34 B.Paste user)
    (35 F.Paste user)
    (36 B.SilkS user)
    (37 F.SilkS user)
    (38 B.Mask user)
    (39 F.Mask user)
    (40 Dwgs.User user)
    (41 Cmts.User user)
    (42 Eco1.User user)
    (43 Eco2.User user)
    (44 Edge.Cuts user)
    (45 Margin user)
    (46 B.CrtYd user)
    (47 F.CrtYd user)
    (48 B.Fab user)
    (49 F.Fab user hide)
  )

  (setup
    (last_trace_width 0.2032)
    (user_trace_width 0.25)
    (trace_clearance 0.15)
    (zone_clearance 0.254)
    (zone_45_only no)
    (trace_min 0.2)
    (segment_width 0.15)
    (edge_width 0.15)
    (via_size 0.6)
    (via_drill 0.3937)
    (via_min_size 0.3)
    (via_min_drill 0.19)
    (uvia_size 0.2)
    (uvia_drill 0.1)
    (uvias_allowed no)
    (uvia_min_size 0.2)
    (uvia_min_drill 0.1)
    (pcb_text_width 0.3)
    (pcb_text_size 1.5 1.5)
    (mod_edge_width 0.15)
    (mod_text_size 1 1)
    (mod_text_width 0.15)
    (pad_size 1.7 1.7)
    (pad_drill 0.9)
    (pad_to_mask_clearance 0.051)
    (solder_mask_min_width 0.15)
    (aux_axis_origin 124.1298 104.6861)
    (grid_origin 124.1298 104.6861)
    (visible_elements FFFFFF7F)
    (pcbplotparams
      (layerselection 0x010f0_ffffffff)
      (usegerberextensions false)
      (usegerberattributes false)
      (usegerberadvancedattributes false)
      (creategerberjobfile false)
      (excludeedgelayer true)
      (linewidth 0.100000)
      (plotframeref false)
      (viasonmask false)
      (mode 1)
      (useauxorigin false)
      (hpglpennumber 1)
      (hpglpenspeed 20)
      (hpglpendiameter 15.000000)
      (psnegative false)
      (psa4output false)
      (plotreference true)
      (plotvalue true)
      (plotinvisibletext false)
      (padsonsilk true)
      (subtractmaskfromsilk false)
      (outputformat 1)
      (mirror false)
      (drillshape 0)
      (scaleselection 1)
      (outputdirectory "GERBER/"))
  )

  (net 0 "")
  (net 1 "Net-(C1-Pad1)")
  (net 2 GND)
  (net 3 "Net-(C2-Pad1)")
  (net 4 "Net-(C3-Pad1)")
  (net 5 +3V3)
  (net 6 +BATT)
  (net 7 A5)
  (net 8 "Net-(R5-Pad2)")
  (net 9 "Net-(R6-Pad1)")
  (net 10 D-)
  (net 11 D+)
  (net 12 "Net-(J1-Pad4)")
  (net 13 SWCLK)
  (net 14 SWDIO)
  (net 15 D3)
  (net 16 D5)
  (net 17 RX)
  (net 18 TX)
  (net 19 D4)
  (net 20 D6)
  (net 21 SCL)
  (net 22 SDA)
  (net 23 VBUS)
  (net 24 D7)
  (net 25 D8)
  (net 26 D9)
  (net 27 D10)
  (net 28 D11)
  (net 29 D12)
  (net 30 A1)
  (net 31 A2)
  (net 32 A3)
  (net 33 A4)
  (net 34 RST)
  (net 35 "Net-(U2-Pad4)")
  (net 36 D13)
  (net 37 MOSI)
  (net 38 SCK)
  (net 39 MISO)
  (net 40 "Net-(U1-Pad22)")
  (net 41 "Net-(U1-Pad37)")
  (net 42 "Net-(U1-Pad38)")
  (net 43 "Net-(U1-Pad39)")
  (net 44 "Net-(U1-Pad41)")
  (net 45 "Net-(U1-Pad48)")
  (net 46 "Net-(D3.1-Pad2)")
  (net 47 "Net-(D3.1-Pad1)")
  (net 48 "Net-(D4.1-Pad1)")
  (net 49 "Net-(D4.1-Pad2)")
  (net 50 ARf)
  (net 51 A0)
  (net 52 En)

  (net_class Default "This is the default net class."
    (clearance 0.15)
    (trace_width 0.2032)
    (via_dia 0.6)
    (via_drill 0.3937)
    (uvia_dia 0.2)
    (uvia_drill 0.1)
    (add_net A0)
    (add_net A1)
    (add_net A2)
    (add_net A3)
    (add_net A4)
    (add_net A5)
    (add_net ARf)
    (add_net D+)
    (add_net D-)
    (add_net D10)
    (add_net D11)
    (add_net D12)
    (add_net D13)
    (add_net D3)
    (add_net D4)
    (add_net D5)
    (add_net D6)
    (add_net D7)
    (add_net D8)
    (add_net D9)
    (add_net En)
    (add_net MISO)
    (add_net MOSI)
    (add_net "Net-(C1-Pad1)")
    (add_net "Net-(C2-Pad1)")
    (add_net "Net-(C3-Pad1)")
    (add_net "Net-(D3.1-Pad1)")
    (add_net "Net-(D3.1-Pad2)")
    (add_net "Net-(D4.1-Pad1)")
    (add_net "Net-(D4.1-Pad2)")
    (add_net "Net-(J1-Pad4)")
    (add_net "Net-(R5-Pad2)")
    (add_net "Net-(R6-Pad1)")
    (add_net "Net-(U1-Pad22)")
    (add_net "Net-(U1-Pad37)")
    (add_net "Net-(U1-Pad38)")
    (add_net "Net-(U1-Pad39)")
    (add_net "Net-(U1-Pad41)")
    (add_net "Net-(U1-Pad48)")
    (add_net "Net-(U2-Pad4)")
    (add_net RST)
    (add_net RX)
    (add_net SCK)
    (add_net SCL)
    (add_net SDA)
    (add_net SWCLK)
    (add_net SWDIO)
    (add_net TX)
  )

  (net_class Power ""
    (clearance 0.17)
    (trace_width 0.3032)
    (via_dia 0.6)
    (via_drill 0.3937)
    (uvia_dia 0.2)
    (uvia_drill 0.1)
    (add_net +3V3)
    (add_net +BATT)
    (add_net GND)
    (add_net VBUS)
  )

  (module MountingHole:MountingHole_2.2mm_M2 (layer F.Cu) (tedit 5EBDC8DC) (tstamp 5EBF32ED)
    (at 172.4787 84.2899 90)
    (descr "Mounting Hole 2.2mm, no annular, M2")
    (tags "mounting hole 2.2mm no annular m2")
    (attr virtual)
    (fp_text reference REF** (at 0 -3.2 90) (layer F.SilkS) hide
      (effects (font (size 1 1) (thickness 0.15)))
    )
    (fp_text value MountingHole_2.2mm_M2 (at 0 3.2 90) (layer F.Fab)
      (effects (font (size 1 1) (thickness 0.15)))
    )
    (fp_text user %R (at 0.3 0 90) (layer F.Fab)
      (effects (font (size 1 1) (thickness 0.15)))
    )
    (fp_circle (center 0 0) (end 2.2 0) (layer Cmts.User) (width 0.15))
    (fp_circle (center 0 0) (end 2.45 0) (layer F.CrtYd) (width 0.05))
    (pad 1 np_thru_hole circle (at 0 0 90) (size 2.2 2.2) (drill 2.2) (layers *.Cu *.Mask))
  )

  (module digikey-footprints:TQFP-48_7x7mm (layer F.Cu) (tedit 5D28AA6C) (tstamp 5EBF3968)
    (at 156.2227 91.3511 90)
    (descr http://ww1.microchip.com/downloads/en/DeviceDoc/40001884A.pdf)
    (path /5A91AF77)
    (attr smd)
    (fp_text reference U1 (at 0 -0.0635 90) (layer F.SilkS)
      (effects (font (size 1 1) (thickness 0.15)))
    )
    (fp_text value ATSAMD21G18A-AUT (at 0 6 90) (layer F.Fab)
      (effects (font (size 1 1) (thickness 0.15)))
    )
    (fp_line (start -4.75 -4.75) (end 4.75 -4.75) (layer F.CrtYd) (width 0.05))
    (fp_line (start 4.75 -4.75) (end 4.75 4.75) (layer F.CrtYd) (width 0.05))
    (fp_line (start -4.75 -4.75) (end -4.75 4.75) (layer F.CrtYd) (width 0.05))
    (fp_line (start -4.75 4.75) (end 4.75 4.75) (layer F.CrtYd) (width 0.05))
    (fp_line (start -3.6 3.1) (end -3.6 3.6) (layer F.SilkS) (width 0.1))
    (fp_line (start -3.6 3.6) (end -3.1 3.6) (layer F.SilkS) (width 0.1))
    (fp_line (start 3.6 3.1) (end 3.6 3.6) (layer F.SilkS) (width 0.1))
    (fp_line (start 3.6 3.6) (end 3.1 3.6) (layer F.SilkS) (width 0.1))
    (fp_line (start 3.1 -3.6) (end 3.6 -3.6) (layer F.SilkS) (width 0.1))
    (fp_line (start 3.6 -3.6) (end 3.6 -3.1) (layer F.SilkS) (width 0.1))
    (fp_line (start -3.1 -3.6) (end -3.6 -3.1) (layer F.SilkS) (width 0.1))
    (fp_line (start -3.6 -3.1) (end -3.6 -3) (layer F.SilkS) (width 0.1))
    (fp_line (start -3.6 -3) (end -4.1 -3) (layer F.SilkS) (width 0.1))
    (fp_line (start -3.5 -3) (end -3.5 3.5) (layer F.Fab) (width 0.1))
    (fp_line (start -3 -3.5) (end 3.5 -3.5) (layer F.Fab) (width 0.1))
    (fp_line (start -3.5 -3) (end -3 -3.5) (layer F.Fab) (width 0.1))
    (fp_text user %R (at 0 0 90) (layer F.Fab)
      (effects (font (size 1 1) (thickness 0.15)))
    )
    (fp_line (start 3.5 -3.5) (end 3.5 3.5) (layer F.Fab) (width 0.1))
    (fp_line (start -3.5 3.5) (end 3.5 3.5) (layer F.Fab) (width 0.1))
    (pad 6 smd rect (at -3.875 -0.25 90) (size 1.25 0.35) (layers F.Cu F.Paste F.Mask)
      (net 5 +3V3))
    (pad 5 smd rect (at -3.875 -0.75 90) (size 1.25 0.35) (layers F.Cu F.Paste F.Mask)
      (net 2 GND))
    (pad 4 smd rect (at -3.875 -1.25 90) (size 1.25 0.35) (layers F.Cu F.Paste F.Mask)
      (net 50 ARf))
    (pad 3 smd rect (at -3.875 -1.75 90) (size 1.25 0.35) (layers F.Cu F.Paste F.Mask)
      (net 51 A0))
    (pad 2 smd rect (at -3.875 -2.25 90) (size 1.25 0.35) (layers F.Cu F.Paste F.Mask)
      (net 4 "Net-(C3-Pad1)"))
    (pad 1 smd rect (at -3.875 -2.75 90) (size 1.25 0.35) (layers F.Cu F.Paste F.Mask)
      (net 3 "Net-(C2-Pad1)"))
    (pad 7 smd rect (at -3.875 0.25 90) (size 1.25 0.35) (layers F.Cu F.Paste F.Mask)
      (net 30 A1))
    (pad 8 smd rect (at -3.875 0.75 90) (size 1.25 0.35) (layers F.Cu F.Paste F.Mask)
      (net 31 A2))
    (pad 9 smd rect (at -3.875 1.25 90) (size 1.25 0.35) (layers F.Cu F.Paste F.Mask)
      (net 32 A3))
    (pad 10 smd rect (at -3.875 1.75 90) (size 1.25 0.35) (layers F.Cu F.Paste F.Mask)
      (net 33 A4))
    (pad 11 smd rect (at -3.875 2.25 90) (size 1.25 0.35) (layers F.Cu F.Paste F.Mask)
      (net 25 D8))
    (pad 12 smd rect (at -3.875 2.75 90) (size 1.25 0.35) (layers F.Cu F.Paste F.Mask)
      (net 26 D9))
    (pad 18 smd rect (at -0.25 3.875 90) (size 0.35 1.25) (layers F.Cu F.Paste F.Mask)
      (net 2 GND))
    (pad 17 smd rect (at -0.75 3.875 90) (size 0.35 1.25) (layers F.Cu F.Paste F.Mask)
      (net 5 +3V3))
    (pad 16 smd rect (at -1.25 3.875 90) (size 0.35 1.25) (layers F.Cu F.Paste F.Mask)
      (net 17 RX))
    (pad 15 smd rect (at -1.75 3.875 90) (size 0.35 1.25) (layers F.Cu F.Paste F.Mask)
      (net 18 TX))
    (pad 14 smd rect (at -2.25 3.875 90) (size 0.35 1.25) (layers F.Cu F.Paste F.Mask)
      (net 15 D3))
    (pad 13 smd rect (at -2.75 3.875 90) (size 0.35 1.25) (layers F.Cu F.Paste F.Mask)
      (net 19 D4))
    (pad 19 smd rect (at 0.25 3.875 90) (size 0.35 1.25) (layers F.Cu F.Paste F.Mask)
      (net 37 MOSI))
    (pad 20 smd rect (at 0.75 3.875 90) (size 0.35 1.25) (layers F.Cu F.Paste F.Mask)
      (net 38 SCK))
    (pad 21 smd rect (at 1.25 3.875 90) (size 0.35 1.25) (layers F.Cu F.Paste F.Mask)
      (net 39 MISO))
    (pad 22 smd rect (at 1.75 3.875 90) (size 0.35 1.25) (layers F.Cu F.Paste F.Mask)
      (net 40 "Net-(U1-Pad22)"))
    (pad 23 smd rect (at 2.25 3.875 90) (size 0.35 1.25) (layers F.Cu F.Paste F.Mask)
      (net 29 D12))
    (pad 24 smd rect (at 2.75 3.875 90) (size 0.35 1.25) (layers F.Cu F.Paste F.Mask)
      (net 16 D5))
    (pad 25 smd rect (at 3.875 2.75 90) (size 1.25 0.35) (layers F.Cu F.Paste F.Mask)
      (net 28 D11))
    (pad 26 smd rect (at 3.875 2.25 90) (size 1.25 0.35) (layers F.Cu F.Paste F.Mask)
      (net 36 D13))
    (pad 27 smd rect (at 3.875 1.75 90) (size 1.25 0.35) (layers F.Cu F.Paste F.Mask)
      (net 27 D10))
    (pad 28 smd rect (at 3.875 1.25 90) (size 1.25 0.35) (layers F.Cu F.Paste F.Mask)
      (net 29 D12))
    (pad 29 smd rect (at 3.875 0.75 90) (size 1.25 0.35) (layers F.Cu F.Paste F.Mask)
      (net 20 D6))
    (pad 30 smd rect (at 3.875 0.25 90) (size 1.25 0.35) (layers F.Cu F.Paste F.Mask)
      (net 24 D7))
    (pad 31 smd rect (at 3.875 -0.25 90) (size 1.25 0.35) (layers F.Cu F.Paste F.Mask)
      (net 22 SDA))
    (pad 32 smd rect (at 3.875 -0.75 90) (size 1.25 0.35) (layers F.Cu F.Paste F.Mask)
      (net 21 SCL))
    (pad 33 smd rect (at 3.875 -1.25 90) (size 1.25 0.35) (layers F.Cu F.Paste F.Mask)
      (net 10 D-))
    (pad 34 smd rect (at 3.875 -1.75 90) (size 1.25 0.35) (layers F.Cu F.Paste F.Mask)
      (net 11 D+))
    (pad 35 smd rect (at 3.875 -2.25 90) (size 1.25 0.35) (layers F.Cu F.Paste F.Mask)
      (net 2 GND))
    (pad 36 smd rect (at 3.875 -2.75 90) (size 1.25 0.35) (layers F.Cu F.Paste F.Mask)
      (net 5 +3V3))
    (pad 37 smd rect (at 2.75 -3.875 90) (size 0.35 1.25) (layers F.Cu F.Paste F.Mask)
      (net 41 "Net-(U1-Pad37)"))
    (pad 38 smd rect (at 2.25 -3.875 90) (size 0.35 1.25) (layers F.Cu F.Paste F.Mask)
      (net 42 "Net-(U1-Pad38)"))
    (pad 39 smd rect (at 1.75 -3.875 90) (size 0.35 1.25) (layers F.Cu F.Paste F.Mask)
      (net 43 "Net-(U1-Pad39)"))
    (pad 40 smd rect (at 1.25 -3.875 90) (size 0.35 1.25) (layers F.Cu F.Paste F.Mask)
      (net 34 RST))
    (pad 41 smd rect (at 0.75 -3.875 90) (size 0.35 1.25) (layers F.Cu F.Paste F.Mask)
      (net 44 "Net-(U1-Pad41)"))
    (pad 42 smd rect (at 0.25 -3.875 90) (size 0.35 1.25) (layers F.Cu F.Paste F.Mask)
      (net 2 GND))
    (pad 43 smd rect (at -0.25 -3.875 90) (size 0.35 1.25) (layers F.Cu F.Paste F.Mask)
      (net 1 "Net-(C1-Pad1)"))
    (pad 44 smd rect (at -0.75 -3.875 90) (size 0.35 1.25) (layers F.Cu F.Paste F.Mask)
      (net 5 +3V3))
    (pad 45 smd rect (at -1.25 -3.875 90) (size 0.35 1.25) (layers F.Cu F.Paste F.Mask)
      (net 13 SWCLK))
    (pad 46 smd rect (at -1.75 -3.875 90) (size 0.35 1.25) (layers F.Cu F.Paste F.Mask)
      (net 14 SWDIO))
    (pad 47 smd rect (at -2.25 -3.875 90) (size 0.35 1.25) (layers F.Cu F.Paste F.Mask)
      (net 7 A5))
    (pad 48 smd rect (at -2.75 -3.875 90) (size 0.35 1.25) (layers F.Cu F.Paste F.Mask)
      (net 45 "Net-(U1-Pad48)"))
    (model ${KISYS3DMOD}/Package_QFP.3dshapes/TQFP-48-1EP_7x7mm_P0.5mm_EP3.5x3.5mm.step
      (at (xyz 0 0 0))
      (scale (xyz 1 1 1))
      (rotate (xyz 0 0 0))
    )
  )

  (module Capacitor_SMD:C_0805_2012Metric_Pad1.15x1.40mm_HandSolder (layer F.Cu) (tedit 5EB8D6B7) (tstamp 5EBF351E)
    (at 147.1893 94.7801 180)
    (descr "Capacitor SMD 0805 (2012 Metric), square (rectangular) end terminal, IPC_7351 nominal with elongated pad for handsoldering. (Body size source: https://docs.google.com/spreadsheets/d/1BsfQQcO9C6DZCsRaXUlFlo91Tg2WpOkGARC1WS5S8t0/edit?usp=sharing), generated with kicad-footprint-generator")
    (tags "capacitor handsolder")
    (path /5A91C5BD)
    (attr smd)
    (fp_text reference C1 (at 0 -1.65 180) (layer F.SilkS) hide
      (effects (font (size 1 1) (thickness 0.15)))
    )
    (fp_text value 1uF (at 0 1.65 180) (layer F.Fab)
      (effects (font (size 1 1) (thickness 0.15)))
    )
    (fp_line (start -1 0.6) (end -1 -0.6) (layer F.Fab) (width 0.1))
    (fp_line (start -1 -0.6) (end 1 -0.6) (layer F.Fab) (width 0.1))
    (fp_line (start 1 -0.6) (end 1 0.6) (layer F.Fab) (width 0.1))
    (fp_line (start 1 0.6) (end -1 0.6) (layer F.Fab) (width 0.1))
    (fp_line (start -0.261252 -0.71) (end 0.261252 -0.71) (layer F.SilkS) (width 0.12))
    (fp_line (start -0.261252 0.71) (end 0.261252 0.71) (layer F.SilkS) (width 0.12))
    (fp_line (start -1.85 0.95) (end -1.85 -0.95) (layer F.CrtYd) (width 0.05))
    (fp_line (start -1.85 -0.95) (end 1.85 -0.95) (layer F.CrtYd) (width 0.05))
    (fp_line (start 1.85 -0.95) (end 1.85 0.95) (layer F.CrtYd) (width 0.05))
    (fp_line (start 1.85 0.95) (end -1.85 0.95) (layer F.CrtYd) (width 0.05))
    (fp_text user %R (at 0 0 180) (layer F.Fab)
      (effects (font (size 0.5 0.5) (thickness 0.08)))
    )
    (pad 1 smd roundrect (at -1.025 0 180) (size 1.15 1.4) (layers F.Cu F.Paste F.Mask) (roundrect_rratio 0.217391)
      (net 1 "Net-(C1-Pad1)"))
    (pad 2 smd roundrect (at 1.025 0 180) (size 1.15 1.4) (layers F.Cu F.Paste F.Mask) (roundrect_rratio 0.217391)
      (net 2 GND))
    (model ${KISYS3DMOD}/Capacitor_SMD.3dshapes/C_0805_2012Metric.wrl
      (at (xyz 0 0 0))
      (scale (xyz 1 1 1))
      (rotate (xyz 0 0 0))
    )
  )

  (module Custom:SOT-223-6_TabPin6 (layer F.Cu) (tedit 5EB8CE91) (tstamp 5EBF3A3B)
    (at 139.5732 97.7519 180)
    (descr "module CMS SOT223 6 pins, http://www.ti.com/lit/ds/symlink/tps737.pdf")
    (tags "CMS SOT")
    (path /5EAAAC14)
    (attr smd)
    (fp_text reference U2 (at 0.0635 0) (layer F.SilkS)
      (effects (font (size 1 1) (thickness 0.15)))
    )
    (fp_text value TPS73733DCQR (at -0.0375 4.5 180) (layer F.Fab) hide
      (effects (font (size 1 1) (thickness 0.15)))
    )
    (fp_text user %R (at 0 0 270) (layer F.Fab)
      (effects (font (size 0.8 0.8) (thickness 0.12)))
    )
    (fp_line (start -1.8875 -2.3) (end -0.8375 -3.35) (layer F.Fab) (width 0.1))
    (fp_line (start 1.8725 3.41) (end 1.8725 2.15) (layer F.SilkS) (width 0.12))
    (fp_line (start 1.8725 -3.41) (end 1.8725 -2.15) (layer F.SilkS) (width 0.12))
    (fp_line (start -1.8875 -2.3) (end -1.8875 3.35) (layer F.Fab) (width 0.1))
    (fp_line (start -1.8875 3.41) (end 1.8725 3.41) (layer F.SilkS) (width 0.12))
    (fp_line (start -0.8375 -3.35) (end 1.8125 -3.35) (layer F.Fab) (width 0.1))
    (fp_line (start -4.1375 -3.41) (end 1.8725 -3.41) (layer F.SilkS) (width 0.12))
    (fp_line (start -1.8875 3.35) (end 1.8125 3.35) (layer F.Fab) (width 0.1))
    (fp_line (start 1.8125 -3.35) (end 1.8125 3.35) (layer F.Fab) (width 0.1))
    (fp_line (start -4.49 -3.6) (end 4.49 -3.6) (layer F.CrtYd) (width 0.05))
    (fp_line (start -4.49 -3.6) (end -4.49 3.6) (layer F.CrtYd) (width 0.05))
    (fp_line (start 4.49 3.6) (end 4.49 -3.6) (layer F.CrtYd) (width 0.05))
    (fp_line (start 4.49 3.6) (end -4.49 3.6) (layer F.CrtYd) (width 0.05))
    (pad 4 smd rect (at -3.1375 1.27 180) (size 2.2 0.6) (layers F.Cu F.Paste F.Mask)
      (net 35 "Net-(U2-Pad4)"))
    (pad 2 smd rect (at -3.1375 -1.27 180) (size 2.2 0.6) (layers F.Cu F.Paste F.Mask)
      (net 5 +3V3))
    (pad 6 smd rect (at 3.1625 0 180) (size 2.15 3.45) (layers F.Cu F.Paste F.Mask))
    (pad 3 smd rect (at -3.1375 0 180) (size 2.2 0.6) (layers F.Cu F.Paste F.Mask)
      (net 2 GND))
    (pad 5 smd rect (at -3.1375 2.54 180) (size 2.2 0.6) (layers F.Cu F.Paste F.Mask)
      (net 52 En))
    (pad 1 smd rect (at -3.1375 -2.54 180) (size 2.2 0.6) (layers F.Cu F.Paste F.Mask)
      (net 6 +BATT))
    (model ${KISYS3DMOD}/Package_TO_SOT_SMD.3dshapes/SOT-223-6.wrl
      (at (xyz 0 0 0))
      (scale (xyz 1 1 1))
      (rotate (xyz 0 0 0))
    )
  )

  (module Capacitor_SMD:C_0805_2012Metric_Pad1.15x1.40mm_HandSolder (layer F.Cu) (tedit 5EB8D681) (tstamp 5EBF383C)
    (at 157.6959 98.9547 270)
    (descr "Capacitor SMD 0805 (2012 Metric), square (rectangular) end terminal, IPC_7351 nominal with elongated pad for handsoldering. (Body size source: https://docs.google.com/spreadsheets/d/1BsfQQcO9C6DZCsRaXUlFlo91Tg2WpOkGARC1WS5S8t0/edit?usp=sharing), generated with kicad-footprint-generator")
    (tags "capacitor handsolder")
    (path /5A91CD17)
    (attr smd)
    (fp_text reference C3 (at 0 -1.65 270) (layer F.SilkS) hide
      (effects (font (size 1 1) (thickness 0.15)))
    )
    (fp_text value 22pF (at 0 1.65 270) (layer F.Fab)
      (effects (font (size 1 1) (thickness 0.15)))
    )
    (fp_text user %R (at 0 0 270) (layer F.Fab)
      (effects (font (size 0.5 0.5) (thickness 0.08)))
    )
    (fp_line (start 1.85 0.95) (end -1.85 0.95) (layer F.CrtYd) (width 0.05))
    (fp_line (start 1.85 -0.95) (end 1.85 0.95) (layer F.CrtYd) (width 0.05))
    (fp_line (start -1.85 -0.95) (end 1.85 -0.95) (layer F.CrtYd) (width 0.05))
    (fp_line (start -1.85 0.95) (end -1.85 -0.95) (layer F.CrtYd) (width 0.05))
    (fp_line (start -0.261252 0.71) (end 0.261252 0.71) (layer F.SilkS) (width 0.12))
    (fp_line (start -0.261252 -0.71) (end 0.261252 -0.71) (layer F.SilkS) (width 0.12))
    (fp_line (start 1 0.6) (end -1 0.6) (layer F.Fab) (width 0.1))
    (fp_line (start 1 -0.6) (end 1 0.6) (layer F.Fab) (width 0.1))
    (fp_line (start -1 -0.6) (end 1 -0.6) (layer F.Fab) (width 0.1))
    (fp_line (start -1 0.6) (end -1 -0.6) (layer F.Fab) (width 0.1))
    (pad 2 smd roundrect (at 1.025 0 270) (size 1.15 1.4) (layers F.Cu F.Paste F.Mask) (roundrect_rratio 0.217391)
      (net 2 GND))
    (pad 1 smd roundrect (at -1.025 0 270) (size 1.15 1.4) (layers F.Cu F.Paste F.Mask) (roundrect_rratio 0.217391)
      (net 4 "Net-(C3-Pad1)"))
    (model ${KISYS3DMOD}/Capacitor_SMD.3dshapes/C_0805_2012Metric.wrl
      (at (xyz 0 0 0))
      (scale (xyz 1 1 1))
      (rotate (xyz 0 0 0))
    )
  )

  (module Capacitor_SMD:C_0805_2012Metric_Pad1.15x1.40mm_HandSolder (layer F.Cu) (tedit 5EB8D67E) (tstamp 5EBF361A)
    (at 151.7523 98.9457 270)
    (descr "Capacitor SMD 0805 (2012 Metric), square (rectangular) end terminal, IPC_7351 nominal with elongated pad for handsoldering. (Body size source: https://docs.google.com/spreadsheets/d/1BsfQQcO9C6DZCsRaXUlFlo91Tg2WpOkGARC1WS5S8t0/edit?usp=sharing), generated with kicad-footprint-generator")
    (tags "capacitor handsolder")
    (path /5A91CCB8)
    (attr smd)
    (fp_text reference C2 (at 0 -1.65 270) (layer F.SilkS) hide
      (effects (font (size 1 1) (thickness 0.15)))
    )
    (fp_text value 22pF (at 0 1.65 270) (layer F.Fab)
      (effects (font (size 1 1) (thickness 0.15)))
    )
    (fp_text user %R (at 0 0 270) (layer F.Fab)
      (effects (font (size 0.5 0.5) (thickness 0.08)))
    )
    (fp_line (start 1.85 0.95) (end -1.85 0.95) (layer F.CrtYd) (width 0.05))
    (fp_line (start 1.85 -0.95) (end 1.85 0.95) (layer F.CrtYd) (width 0.05))
    (fp_line (start -1.85 -0.95) (end 1.85 -0.95) (layer F.CrtYd) (width 0.05))
    (fp_line (start -1.85 0.95) (end -1.85 -0.95) (layer F.CrtYd) (width 0.05))
    (fp_line (start -0.261252 0.71) (end 0.261252 0.71) (layer F.SilkS) (width 0.12))
    (fp_line (start -0.261252 -0.71) (end 0.261252 -0.71) (layer F.SilkS) (width 0.12))
    (fp_line (start 1 0.6) (end -1 0.6) (layer F.Fab) (width 0.1))
    (fp_line (start 1 -0.6) (end 1 0.6) (layer F.Fab) (width 0.1))
    (fp_line (start -1 -0.6) (end 1 -0.6) (layer F.Fab) (width 0.1))
    (fp_line (start -1 0.6) (end -1 -0.6) (layer F.Fab) (width 0.1))
    (pad 2 smd roundrect (at 1.025 0 270) (size 1.15 1.4) (layers F.Cu F.Paste F.Mask) (roundrect_rratio 0.217391)
      (net 2 GND))
    (pad 1 smd roundrect (at -1.025 0 270) (size 1.15 1.4) (layers F.Cu F.Paste F.Mask) (roundrect_rratio 0.217391)
      (net 3 "Net-(C2-Pad1)"))
    (model ${KISYS3DMOD}/Capacitor_SMD.3dshapes/C_0805_2012Metric.wrl
      (at (xyz 0 0 0))
      (scale (xyz 1 1 1))
      (rotate (xyz 0 0 0))
    )
  )

  (module Capacitor_SMD:C_0805_2012Metric_Pad1.15x1.40mm_HandSolder (layer F.Cu) (tedit 5EB8D3CF) (tstamp 5EBF35EA)
    (at 142.8025 92.9259)
    (descr "Capacitor SMD 0805 (2012 Metric), square (rectangular) end terminal, IPC_7351 nominal with elongated pad for handsoldering. (Body size source: https://docs.google.com/spreadsheets/d/1BsfQQcO9C6DZCsRaXUlFlo91Tg2WpOkGARC1WS5S8t0/edit?usp=sharing), generated with kicad-footprint-generator")
    (tags "capacitor handsolder")
    (path /5A91BE80)
    (attr smd)
    (fp_text reference C7 (at 0 -1.65) (layer F.SilkS) hide
      (effects (font (size 0.7 0.7) (thickness 0.15)))
    )
    (fp_text value 1uF (at 0 1.65) (layer F.Fab)
      (effects (font (size 1 1) (thickness 0.15)))
    )
    (fp_line (start -1 0.6) (end -1 -0.6) (layer F.Fab) (width 0.1))
    (fp_line (start -1 -0.6) (end 1 -0.6) (layer F.Fab) (width 0.1))
    (fp_line (start 1 -0.6) (end 1 0.6) (layer F.Fab) (width 0.1))
    (fp_line (start 1 0.6) (end -1 0.6) (layer F.Fab) (width 0.1))
    (fp_line (start -0.261252 -0.71) (end 0.261252 -0.71) (layer F.SilkS) (width 0.12))
    (fp_line (start -0.261252 0.71) (end 0.261252 0.71) (layer F.SilkS) (width 0.12))
    (fp_line (start -1.85 0.95) (end -1.85 -0.95) (layer F.CrtYd) (width 0.05))
    (fp_line (start -1.85 -0.95) (end 1.85 -0.95) (layer F.CrtYd) (width 0.05))
    (fp_line (start 1.85 -0.95) (end 1.85 0.95) (layer F.CrtYd) (width 0.05))
    (fp_line (start 1.85 0.95) (end -1.85 0.95) (layer F.CrtYd) (width 0.05))
    (fp_text user %R (at 0 0) (layer F.Fab)
      (effects (font (size 0.5 0.5) (thickness 0.08)))
    )
    (pad 1 smd roundrect (at -1.025 0) (size 1.15 1.4) (layers F.Cu F.Paste F.Mask) (roundrect_rratio 0.217391)
      (net 5 +3V3))
    (pad 2 smd roundrect (at 1.025 0) (size 1.15 1.4) (layers F.Cu F.Paste F.Mask) (roundrect_rratio 0.217391)
      (net 2 GND))
    (model ${KISYS3DMOD}/Capacitor_SMD.3dshapes/C_0805_2012Metric.wrl
      (at (xyz 0 0 0))
      (scale (xyz 1 1 1))
      (rotate (xyz 0 0 0))
    )
  )

  (module Capacitor_SMD:C_0805_2012Metric_Pad1.15x1.40mm_HandSolder (layer F.Cu) (tedit 5EB8D74F) (tstamp 5EBF3E8A)
    (at 147.1967 90.7923)
    (descr "Capacitor SMD 0805 (2012 Metric), square (rectangular) end terminal, IPC_7351 nominal with elongated pad for handsoldering. (Body size source: https://docs.google.com/spreadsheets/d/1BsfQQcO9C6DZCsRaXUlFlo91Tg2WpOkGARC1WS5S8t0/edit?usp=sharing), generated with kicad-footprint-generator")
    (tags "capacitor handsolder")
    (path /5A91C038)
    (attr smd)
    (fp_text reference C8 (at 0 -1.65) (layer F.SilkS) hide
      (effects (font (size 1 1) (thickness 0.15)))
    )
    (fp_text value 10uF (at 0 1.65) (layer F.Fab)
      (effects (font (size 1 1) (thickness 0.15)))
    )
    (fp_text user %R (at 0 0) (layer F.Fab)
      (effects (font (size 0.5 0.5) (thickness 0.08)))
    )
    (fp_line (start 1.85 0.95) (end -1.85 0.95) (layer F.CrtYd) (width 0.05))
    (fp_line (start 1.85 -0.95) (end 1.85 0.95) (layer F.CrtYd) (width 0.05))
    (fp_line (start -1.85 -0.95) (end 1.85 -0.95) (layer F.CrtYd) (width 0.05))
    (fp_line (start -1.85 0.95) (end -1.85 -0.95) (layer F.CrtYd) (width 0.05))
    (fp_line (start -0.261252 0.71) (end 0.261252 0.71) (layer F.SilkS) (width 0.12))
    (fp_line (start -0.261252 -0.71) (end 0.261252 -0.71) (layer F.SilkS) (width 0.12))
    (fp_line (start 1 0.6) (end -1 0.6) (layer F.Fab) (width 0.1))
    (fp_line (start 1 -0.6) (end 1 0.6) (layer F.Fab) (width 0.1))
    (fp_line (start -1 -0.6) (end 1 -0.6) (layer F.Fab) (width 0.1))
    (fp_line (start -1 0.6) (end -1 -0.6) (layer F.Fab) (width 0.1))
    (pad 2 smd roundrect (at 1.025 0) (size 1.15 1.4) (layers F.Cu F.Paste F.Mask) (roundrect_rratio 0.217391)
      (net 2 GND))
    (pad 1 smd roundrect (at -1.025 0) (size 1.15 1.4) (layers F.Cu F.Paste F.Mask) (roundrect_rratio 0.217391)
      (net 6 +BATT))
    (model ${KISYS3DMOD}/Capacitor_SMD.3dshapes/C_0805_2012Metric.wrl
      (at (xyz 0 0 0))
      (scale (xyz 1 1 1))
      (rotate (xyz 0 0 0))
    )
  )

  (module Capacitor_SMD:C_0805_2012Metric_Pad1.15x1.40mm_HandSolder (layer F.Cu) (tedit 5EB8D6DE) (tstamp 5EBF3FAA)
    (at 145.8595 99.4373 90)
    (descr "Capacitor SMD 0805 (2012 Metric), square (rectangular) end terminal, IPC_7351 nominal with elongated pad for handsoldering. (Body size source: https://docs.google.com/spreadsheets/d/1BsfQQcO9C6DZCsRaXUlFlo91Tg2WpOkGARC1WS5S8t0/edit?usp=sharing), generated with kicad-footprint-generator")
    (tags "capacitor handsolder")
    (path /5A91BEC9)
    (attr smd)
    (fp_text reference C9 (at 0 -1.65 90) (layer F.SilkS) hide
      (effects (font (size 1 1) (thickness 0.15)))
    )
    (fp_text value 1uF (at 0 1.65 90) (layer F.Fab)
      (effects (font (size 1 1) (thickness 0.15)))
    )
    (fp_line (start -1 0.6) (end -1 -0.6) (layer F.Fab) (width 0.1))
    (fp_line (start -1 -0.6) (end 1 -0.6) (layer F.Fab) (width 0.1))
    (fp_line (start 1 -0.6) (end 1 0.6) (layer F.Fab) (width 0.1))
    (fp_line (start 1 0.6) (end -1 0.6) (layer F.Fab) (width 0.1))
    (fp_line (start -0.261252 -0.71) (end 0.261252 -0.71) (layer F.SilkS) (width 0.12))
    (fp_line (start -0.261252 0.71) (end 0.261252 0.71) (layer F.SilkS) (width 0.12))
    (fp_line (start -1.85 0.95) (end -1.85 -0.95) (layer F.CrtYd) (width 0.05))
    (fp_line (start -1.85 -0.95) (end 1.85 -0.95) (layer F.CrtYd) (width 0.05))
    (fp_line (start 1.85 -0.95) (end 1.85 0.95) (layer F.CrtYd) (width 0.05))
    (fp_line (start 1.85 0.95) (end -1.85 0.95) (layer F.CrtYd) (width 0.05))
    (fp_text user %R (at 0 0 90) (layer F.Fab)
      (effects (font (size 0.5 0.5) (thickness 0.08)))
    )
    (pad 1 smd roundrect (at -1.025 0 90) (size 1.15 1.4) (layers F.Cu F.Paste F.Mask) (roundrect_rratio 0.217391)
      (net 50 ARf))
    (pad 2 smd roundrect (at 1.025 0 90) (size 1.15 1.4) (layers F.Cu F.Paste F.Mask) (roundrect_rratio 0.217391)
      (net 2 GND))
    (model ${KISYS3DMOD}/Capacitor_SMD.3dshapes/C_0805_2012Metric.wrl
      (at (xyz 0 0 0))
      (scale (xyz 1 1 1))
      (rotate (xyz 0 0 0))
    )
  )

  (module Capacitor_SMD:C_0805_2012Metric_Pad1.15x1.40mm_HandSolder (layer F.Cu) (tedit 5EB8D641) (tstamp 5EBF409D)
    (at 136.1059 93.7985 90)
    (descr "Capacitor SMD 0805 (2012 Metric), square (rectangular) end terminal, IPC_7351 nominal with elongated pad for handsoldering. (Body size source: https://docs.google.com/spreadsheets/d/1BsfQQcO9C6DZCsRaXUlFlo91Tg2WpOkGARC1WS5S8t0/edit?usp=sharing), generated with kicad-footprint-generator")
    (tags "capacitor handsolder")
    (path /5A91BDAE)
    (attr smd)
    (fp_text reference C4-CR1 (at 0 -1.65 90) (layer F.SilkS) hide
      (effects (font (size 0.6 0.6) (thickness 0.15)))
    )
    (fp_text value 1uF (at 0 1.65 90) (layer F.Fab)
      (effects (font (size 1 1) (thickness 0.15)))
    )
    (fp_line (start -1 0.6) (end -1 -0.6) (layer F.Fab) (width 0.1))
    (fp_line (start -1 -0.6) (end 1 -0.6) (layer F.Fab) (width 0.1))
    (fp_line (start 1 -0.6) (end 1 0.6) (layer F.Fab) (width 0.1))
    (fp_line (start 1 0.6) (end -1 0.6) (layer F.Fab) (width 0.1))
    (fp_line (start -0.261252 -0.71) (end 0.261252 -0.71) (layer F.SilkS) (width 0.12))
    (fp_line (start -0.261252 0.71) (end 0.261252 0.71) (layer F.SilkS) (width 0.12))
    (fp_line (start -1.85 0.95) (end -1.85 -0.95) (layer F.CrtYd) (width 0.05))
    (fp_line (start -1.85 -0.95) (end 1.85 -0.95) (layer F.CrtYd) (width 0.05))
    (fp_line (start 1.85 -0.95) (end 1.85 0.95) (layer F.CrtYd) (width 0.05))
    (fp_line (start 1.85 0.95) (end -1.85 0.95) (layer F.CrtYd) (width 0.05))
    (fp_text user %R (at 0 0 90) (layer F.Fab)
      (effects (font (size 0.5 0.5) (thickness 0.08)))
    )
    (pad 1 smd roundrect (at -1.025 0 90) (size 1.15 1.4) (layers F.Cu F.Paste F.Mask) (roundrect_rratio 0.217391)
      (net 6 +BATT))
    (pad 2 smd roundrect (at 1.025 0 90) (size 1.15 1.4) (layers F.Cu F.Paste F.Mask) (roundrect_rratio 0.217391)
      (net 2 GND))
    (model ${KISYS3DMOD}/Capacitor_SMD.3dshapes/C_0805_2012Metric.wrl
      (at (xyz 0 0 0))
      (scale (xyz 1 1 1))
      (rotate (xyz 0 0 0))
    )
  )

  (module digikey-footprints:SOD-123 (layer F.Cu) (tedit 5D28A50F) (tstamp 5EBF3C8A)
    (at 131.5847 93.4337 90)
    (path /5E9DE4A6)
    (attr smd)
    (fp_text reference D1 (at 0.0125 0 270) (layer F.SilkS)
      (effects (font (size 1 1) (thickness 0.15)))
    )
    (fp_text value MBR0520LT1G (at 0.07 2.05 90) (layer F.Fab)
      (effects (font (size 1 1) (thickness 0.15)))
    )
    (fp_line (start -1.125 -0.975) (end -1.125 0.975) (layer F.SilkS) (width 0.1))
    (fp_line (start -1.225 -0.975) (end -1.225 0.975) (layer F.SilkS) (width 0.1))
    (fp_line (start -1.325 -0.85) (end 1.325 -0.85) (layer F.Fab) (width 0.1))
    (fp_line (start 1.325 -0.85) (end 1.325 0.85) (layer F.Fab) (width 0.1))
    (fp_line (start -1.325 -0.85) (end -1.325 0.85) (layer F.Fab) (width 0.1))
    (fp_line (start -1.325 0.85) (end 1.325 0.85) (layer F.Fab) (width 0.1))
    (fp_line (start 1.325 -0.975) (end 1.325 -0.75) (layer F.SilkS) (width 0.1))
    (fp_line (start 1.025 -0.975) (end 1.325 -0.975) (layer F.SilkS) (width 0.1))
    (fp_line (start 1.325 0.975) (end 1.075 0.975) (layer F.SilkS) (width 0.1))
    (fp_line (start 1.325 0.725) (end 1.325 0.975) (layer F.SilkS) (width 0.1))
    (fp_line (start -1.325 -0.975) (end -1.325 0.975) (layer F.SilkS) (width 0.1))
    (fp_line (start -0.975 -0.975) (end -1.325 -0.975) (layer F.SilkS) (width 0.1))
    (fp_line (start 3.175 -1.15) (end 3.175 1.15) (layer F.CrtYd) (width 0.05))
    (fp_line (start 3.175 1.15) (end -3.175 1.15) (layer F.CrtYd) (width 0.05))
    (fp_line (start -3.175 1.15) (end -3.175 -1.15) (layer F.CrtYd) (width 0.05))
    (fp_line (start 3.175 -1.15) (end -3.175 -1.15) (layer F.CrtYd) (width 0.05))
    (fp_text user %R (at 0 0 90) (layer F.Fab)
      (effects (font (size 0.5 0.5) (thickness 0.075)))
    )
    (fp_line (start -0.975 0.975) (end -1.325 0.975) (layer F.SilkS) (width 0.1))
    (pad A smd rect (at 1.575 0 90) (size 0.9 0.95) (layers F.Cu F.Paste F.Mask)
      (net 23 VBUS))
    (pad K smd rect (at -1.575 0 90) (size 0.9 0.95) (layers F.Cu F.Paste F.Mask)
      (net 6 +BATT))
    (model ${KISYS3DMOD}/Diode_SMD.3dshapes/D_SOD-123F.step
      (at (xyz 0 0 0))
      (scale (xyz 1 1 1))
      (rotate (xyz 0 0 0))
    )
  )

  (module Connector_USB:USB_Micro-B_Molex_47346-0001 (layer F.Cu) (tedit 5EB9849A) (tstamp 5EBF3DD6)
    (at 127.2667 93.4847 270)
    (descr "Micro USB B receptable with flange, bottom-mount, SMD, right-angle (http://www.molex.com/pdm_docs/sd/473460001_sd.pdf)")
    (tags "Micro B USB SMD")
    (path /5AD07670)
    (attr smd)
    (fp_text reference J1 (at -3.9116 -2.0701 90) (layer F.SilkS) hide
      (effects (font (size 1 1) (thickness 0.15)))
    )
    (fp_text value USB_OTG (at 0 4.6 90) (layer F.Fab)
      (effects (font (size 1 1) (thickness 0.15)))
    )
    (fp_text user "PCB Edge" (at 0 2.67 90) (layer Dwgs.User)
      (effects (font (size 0.4 0.4) (thickness 0.04)))
    )
    (fp_text user %R (at 0 1.2 270) (layer F.Fab)
      (effects (font (size 1 1) (thickness 0.15)))
    )
    (fp_line (start 3.81 -1.71) (end 3.43 -1.71) (layer F.SilkS) (width 0.12))
    (fp_line (start 4.7 3.85) (end -4.7 3.85) (layer F.CrtYd) (width 0.05))
    (fp_line (start 4.7 -2.65) (end 4.7 3.85) (layer F.CrtYd) (width 0.05))
    (fp_line (start -4.7 -2.65) (end 4.7 -2.65) (layer F.CrtYd) (width 0.05))
    (fp_line (start -4.7 3.85) (end -4.7 -2.65) (layer F.CrtYd) (width 0.05))
    (fp_line (start 3.75 3.35) (end -3.75 3.35) (layer F.Fab) (width 0.1))
    (fp_line (start 3.75 -1.65) (end 3.75 3.35) (layer F.Fab) (width 0.1))
    (fp_line (start -3.75 -1.65) (end 3.75 -1.65) (layer F.Fab) (width 0.1))
    (fp_line (start -3.75 3.35) (end -3.75 -1.65) (layer F.Fab) (width 0.1))
    (fp_line (start 3.81 2.34) (end 3.81 2.6) (layer F.SilkS) (width 0.12))
    (fp_line (start 3.81 -1.71) (end 3.81 0.06) (layer F.SilkS) (width 0.12))
    (fp_line (start -3.81 -1.71) (end -3.43 -1.71) (layer F.SilkS) (width 0.12))
    (fp_line (start -3.81 0.06) (end -3.81 -1.71) (layer F.SilkS) (width 0.12))
    (fp_line (start -3.81 2.6) (end -3.81 2.34) (layer F.SilkS) (width 0.12))
    (fp_line (start -3.25 2.65) (end 3.25 2.65) (layer F.Fab) (width 0.1))
    (pad 1 smd rect (at -1.3 -1.46 270) (size 0.45 1.38) (layers F.Cu F.Paste F.Mask)
      (net 23 VBUS))
    (pad 2 smd rect (at -0.65 -1.46 270) (size 0.45 1.38) (layers F.Cu F.Paste F.Mask)
      (net 10 D-))
    (pad 3 smd rect (at 0 -1.46 270) (size 0.45 1.38) (layers F.Cu F.Paste F.Mask)
      (net 11 D+))
    (pad 4 smd rect (at 0.65 -1.46 270) (size 0.45 1.38) (layers F.Cu F.Paste F.Mask)
      (net 12 "Net-(J1-Pad4)"))
    (pad 5 smd rect (at 1.3 -1.46 270) (size 0.45 1.38) (layers F.Cu F.Paste F.Mask)
      (net 2 GND))
    (pad 6 smd rect (at -2.4875 -1.375 270) (size 1.425 1.55) (layers F.Cu F.Paste F.Mask)
      (net 2 GND))
    (pad 6 smd rect (at 2.4875 -1.375 270) (size 1.425 1.55) (layers F.Cu F.Paste F.Mask)
      (net 2 GND))
    (pad 6 smd rect (at -3.375 1.2 270) (size 1.65 1.3) (layers F.Cu F.Paste F.Mask)
      (net 2 GND))
    (pad 6 smd rect (at 3.375 1.2 270) (size 1.65 1.3) (layers F.Cu F.Paste F.Mask)
      (net 2 GND))
    (pad 6 smd rect (at -1.15 1.2 270) (size 1.8 1.9) (layers F.Cu F.Paste F.Mask)
      (net 2 GND))
    (pad 6 smd rect (at 1.55 1.2 270) (size 1 1.9) (layers F.Cu F.Paste F.Mask)
      (net 2 GND))
    (model ${KISYS3DMOD}/Connector_USB.3dshapes/USB_Micro-B_Molex_47346-0001.wrl
      (at (xyz 0 0 0))
      (scale (xyz 1 1 1))
      (rotate (xyz 0 0 0))
    )
  )

  (module SPK_Connectors:JST-2-SMD (layer F.Cu) (tedit 5EB8CEAE) (tstamp 5EBF4160)
    (at 134.7851 85.6615)
    (descr "JST-RIGHT ANGLE MALE HEADER SMT")
    (tags "JST-RIGHT ANGLE MALE HEADER SMT")
    (path /5AD44DE3)
    (attr smd)
    (fp_text reference J7 (at -0.09398 -0.6731 -270) (layer F.SilkS)
      (effects (font (size 0.6096 0.6096) (thickness 0.127)))
    )
    (fp_text value Conn_02x01 (at 4.699 3.81 -270) (layer F.SilkS) hide
      (effects (font (size 0.6096 0.6096) (thickness 0.127)))
    )
    (fp_line (start -3.99796 0.99822) (end -3.99796 4.49834) (layer F.SilkS) (width 0.2032))
    (fp_line (start -3.99796 4.49834) (end -3.19786 4.49834) (layer F.SilkS) (width 0.2032))
    (fp_line (start -3.19786 4.49834) (end -3.19786 1.99898) (layer F.SilkS) (width 0.2032))
    (fp_line (start -3.19786 1.99898) (end -1.99898 1.99898) (layer F.SilkS) (width 0.2032))
    (fp_line (start 1.99898 1.99898) (end 3.19786 1.99898) (layer F.SilkS) (width 0.2032))
    (fp_line (start 3.19786 1.99898) (end 3.19786 4.49834) (layer F.SilkS) (width 0.2032))
    (fp_line (start 3.19786 4.49834) (end 3.99796 4.49834) (layer F.SilkS) (width 0.2032))
    (fp_line (start 3.99796 4.49834) (end 3.99796 0.99822) (layer F.SilkS) (width 0.2032))
    (fp_line (start 1.99898 -2.99974) (end -1.99898 -2.99974) (layer F.SilkS) (width 0.2032))
    (pad 1 smd rect (at -0.99822 3.69824) (size 0.99822 4.59994) (layers F.Cu F.Paste F.Mask)
      (net 6 +BATT) (solder_mask_margin 0.1016))
    (pad 2 smd rect (at 0.99822 3.69824) (size 0.99822 4.59994) (layers F.Cu F.Paste F.Mask)
      (net 2 GND) (solder_mask_margin 0.1016))
    (pad NC1 smd rect (at -3.39852 -1.4986 90) (size 3.39852 1.59766) (layers F.Cu F.Paste F.Mask)
      (solder_mask_margin 0.1016))
    (pad NC2 smd rect (at 3.39852 -1.4986 90) (size 3.39852 1.59766) (layers F.Cu F.Paste F.Mask)
      (solder_mask_margin 0.1016))
    (model "/home/ricardo/Downloads/BatteryConnectorFeather v1.iges"
      (offset (xyz 0 3 0))
      (scale (xyz 1 1 1))
      (rotate (xyz 0 0 90))
    )
  )

  (module Jumper:SolderJumper-2_P1.3mm_Bridged_RoundedPad1.0x1.5mm (layer B.Cu) (tedit 5EB8D131) (tstamp 5EBF412C)
    (at 129.5654 87.6577 270)
    (descr "SMD Solder Jumper, 1x1.5mm, rounded Pads, 0.3mm gap, bridged with 1 copper strip")
    (tags "solder jumper open")
    (path /5EB8C612)
    (attr virtual)
    (fp_text reference JP1 (at 0 1.8 270) (layer B.SilkS) hide
      (effects (font (size 1 1) (thickness 0.15)) (justify mirror))
    )
    (fp_text value SolderJumper_2_Bridged (at 0 -1.9 270) (layer B.Fab) hide
      (effects (font (size 1 1) (thickness 0.15)) (justify mirror))
    )
    (fp_arc (start 0.7 0.3) (end 1.4 0.3) (angle 90) (layer B.SilkS) (width 0.12))
    (fp_arc (start 0.7 -0.3) (end 0.7 -1) (angle 90) (layer B.SilkS) (width 0.12))
    (fp_arc (start -0.7 -0.3) (end -1.4 -0.3) (angle 90) (layer B.SilkS) (width 0.12))
    (fp_arc (start -0.7 0.3) (end -0.7 1) (angle 90) (layer B.SilkS) (width 0.12))
    (fp_line (start -1.4 -0.3) (end -1.4 0.3) (layer B.SilkS) (width 0.12))
    (fp_line (start 0.7 -1) (end -0.7 -1) (layer B.SilkS) (width 0.12))
    (fp_line (start 1.4 0.3) (end 1.4 -0.3) (layer B.SilkS) (width 0.12))
    (fp_line (start -0.7 1) (end 0.7 1) (layer B.SilkS) (width 0.12))
    (fp_line (start -1.65 1.25) (end 1.65 1.25) (layer B.CrtYd) (width 0.05))
    (fp_line (start -1.65 1.25) (end -1.65 -1.25) (layer B.CrtYd) (width 0.05))
    (fp_line (start 1.65 -1.25) (end 1.65 1.25) (layer B.CrtYd) (width 0.05))
    (fp_line (start 1.65 -1.25) (end -1.65 -1.25) (layer B.CrtYd) (width 0.05))
    (fp_poly (pts (xy 0.25 0.3) (xy -0.25 0.3) (xy -0.25 -0.3) (xy 0.25 -0.3)) (layer B.Cu) (width 0))
    (pad 2 smd custom (at 0.65 0 270) (size 1 0.5) (layers B.Cu B.Mask)
      (net 46 "Net-(D3.1-Pad2)") (zone_connect 2)
      (options (clearance outline) (anchor rect))
      (primitives
        (gr_circle (center 0 -0.25) (end 0.5 -0.25) (width 0))
        (gr_circle (center 0 0.25) (end 0.5 0.25) (width 0))
        (gr_poly (pts
           (xy 0 0.75) (xy -0.5 0.75) (xy -0.5 -0.75) (xy 0 -0.75)) (width 0))
      ))
    (pad 1 smd custom (at -0.65 0 270) (size 1 0.5) (layers B.Cu B.Mask)
      (net 36 D13) (zone_connect 2)
      (options (clearance outline) (anchor rect))
      (primitives
        (gr_circle (center 0 -0.25) (end 0.5 -0.25) (width 0))
        (gr_circle (center 0 0.25) (end 0.5 0.25) (width 0))
        (gr_poly (pts
           (xy 0 0.75) (xy 0.5 0.75) (xy 0.5 -0.75) (xy 0 -0.75)) (width 0))
      ))
  )

  (module Jumper:SolderJumper-2_P1.3mm_Bridged_RoundedPad1.0x1.5mm (layer B.Cu) (tedit 5EB8D148) (tstamp 5EBF36AF)
    (at 129.4257 98.7448 270)
    (descr "SMD Solder Jumper, 1x1.5mm, rounded Pads, 0.3mm gap, bridged with 1 copper strip")
    (tags "solder jumper open")
    (path /5EB8CC89)
